100 3
     24.3758    -3.42593         120
      104.25     11.5016         120
     154.455     7.26045         120
     206.602     7.82752         120
     275.224     10.7271         120
     333.482   -0.200787         120
     372.556    -10.3005         120
     445.997    -3.11195         120
     511.783     7.47678         120
     582.476    -13.2316         120
    -5.71676     48.2045         120
     57.2498     49.3653         120
     105.894     46.9657         120
     180.941     55.4935         120
     238.603     57.4094         120
     308.612     51.7948         120
     358.013     64.6846         120
     424.933     67.6959         120
     482.816     54.0642         120
     534.049     34.3917         120
     37.2627     93.7598         120
     101.253     86.1039         120
     144.751     100.443         120
     209.453     99.1838         120
     273.328      109.67         120
     322.841     108.463         120
     392.515     121.982         120
     446.928     100.345         120
     523.561     111.356         120
     563.553     117.389         120
    -1.15794      154.83         120
     53.0596     151.549         120
     133.969     153.934         120
     174.779     154.856         120
     237.051     159.718         120
     290.704     173.179         120
     357.122      159.97         120
     416.581     155.478         120
     494.264     148.647         120
     562.398     140.895         120
     33.5202     201.087         120
      82.442     214.834         120
     152.924     194.825         120
     198.987     216.787         120
     273.724     212.253         120
     314.745      219.16         120
     387.846     204.944         120
     446.192     201.362         120
     511.149     210.814         120
     589.277     201.499         120
     -9.1008     254.868         120
     63.9116     257.599         120
     111.706     262.476         120
     191.408      254.29         120
     234.683     268.222         120
     311.598     252.803         120
      385.52     249.872         120
     439.885     251.613         120
     482.415     251.625         120
     549.989     246.479         120
      22.832     309.375         120
     94.4126      317.95         120
      156.45     294.582         120
     203.593     311.576         120
     271.606     323.432         120
     321.854      319.44         120
     374.666     322.008         120
     463.844     309.596         120
     505.507     312.877         120
     573.302     305.176         120
    -9.84315     351.999         120
      60.024     370.367         120
     114.755     347.005         120
     185.859     356.201         120
     221.084     371.373         120
     296.551     362.806         120
     366.932     363.474         120
     420.051     355.885         120
     468.473     371.724         120
     543.043      357.32         120
     29.5542     409.137         120
     92.7722     417.891         120
     159.105      414.99         120
      200.02     425.305         120
     263.352     402.591         120
      334.75     406.933         120
     386.309     412.047         120
     453.331     412.935         120
     518.992     418.928         120
     564.711      410.23         120
    -5.26533     474.267         120
     57.6466     481.638         120
     118.526     469.033         120
      170.89     472.186         120
     236.562     473.505         120
     293.551      461.45         120
     356.487     470.239         120
      418.32       460.3         120
     486.365     481.996         120
     538.828     479.575         120
