100 3
     32.4405    -19.2284     114.863
     88.6017    -8.00733     115.815
     160.489    -2.64961     126.784
     197.447    -10.3003     127.418
     271.289     2.30089     119.538
     315.993   -0.357631     116.893
     386.393     7.64713     122.318
     442.937    -8.84713     115.665
     510.459    -4.84157     124.061
      564.43   -0.301692     118.661
    -23.7942     52.5729     120.156
     61.1893     45.1333      125.87
     127.935     39.7764     117.872
     175.153     35.3107     125.118
     242.843     59.7406     119.613
     293.825     62.8093      123.03
     363.699     53.3032      120.25
     428.696     58.2648     123.364
     484.327     53.3255     123.055
     544.429     61.6839     116.227
      23.666     105.858     121.385
     100.241     100.069     114.455
      151.34     102.223     129.803
     217.328     97.4006     119.959
     275.746     95.8646     136.925
      336.11     112.749     122.177
     386.138     95.0279     122.389
     438.031     97.9895      124.13
     509.077     86.1481     118.802
     562.662     122.699     109.883
    -11.5499     142.367     119.718
     33.7463     140.776     118.799
     121.857     148.387     123.826
     173.236     155.492     124.426
     249.259     161.577     122.387
      290.96     153.212      126.93
     377.213     161.916     125.551
     414.545       151.7     113.168
     488.231     149.536     118.394
     527.184     167.484     122.566
     34.6797      201.63     124.637
     91.2161     223.605     115.715
     136.381     204.928     123.087
     214.642     201.538     116.477
     269.447     190.802     119.876
     329.026       208.7     124.505
     398.994     214.333      125.86
     463.918     215.036     126.378
     524.307     211.899     121.668
     574.449     220.053     118.847
     14.2872      262.98      120.07
     65.2712     264.259     122.532
     135.595     253.046     120.019
     185.412     254.901     129.029
     243.397     262.382     114.801
     301.797     266.974     123.411
     357.605     249.157     118.298
     420.082     255.224     113.706
     477.467     258.608     125.345
     533.864     267.541     118.469
     33.6157     304.297     120.538
     87.5228     315.118     123.326
     142.096      320.22     118.092
     194.031     314.923     116.249
     278.074     320.973     115.728
     333.636      311.94      125.71
     391.513     310.333     120.558
     448.276     323.594     118.359
     524.102     309.245      123.11
     564.542     321.472     125.297
     1.63558     359.994     124.018
     49.7358     356.177     116.312
      130.19      357.55     123.622
     162.747     348.363     123.811
     239.032     368.643     120.707
     294.242     368.509     117.279
     359.296     363.432     121.951
      423.34     378.973     122.333
     476.905     367.323     128.547
     525.316     357.102     122.194
     23.4787     405.423     110.878
     85.1985     417.988     119.148
      160.71     409.515     123.453
     213.625      427.23     113.601
     275.571     400.582     120.891
     329.065     417.812     110.762
      395.99     428.065     122.337
     444.168     417.729     117.975
     506.178     417.647     116.575
     552.913     414.818     123.248
    -9.13528     464.982     124.144
     56.9627     481.047     118.102
     137.594     471.068     120.013
     187.859     472.343     125.675
     242.568     471.001     119.629
     321.255     473.415      126.31
      360.81     486.531     123.182
     406.539     470.989     119.553
      480.78     463.013     127.082
     552.421     475.945     121.865
