100 3
     29.8516     0.668516      119.769
     90.8222     -2.61275      119.929
     145.354      4.91564      131.583
     210.262     -14.4879      124.054
     266.495    -0.942417      119.731
     335.712      3.21091      112.901
     386.961     0.937279      124.766
     450.575     -2.43469      124.898
     510.875      -1.5888      116.119
     560.652     -1.67037      115.629
    -3.61146      49.1809      129.561
     49.2482      40.9192      120.659
     120.289      54.4037      124.954
     177.397      61.2743      113.366
      245.09      50.7694      121.556
     301.039      50.6249       120.93
     361.676      43.5583      115.737
      417.19      50.4269      119.964
     478.662      55.9208      120.357
     541.776      55.8068      116.511
     27.7204      107.269      118.361
     96.6655      104.554       115.62
     150.354      101.737       115.66
     215.497      104.128      111.339
     266.326      103.718      129.155
     332.468      106.358      119.103
     390.002      98.8013      121.312
     457.977      103.727      123.258
     507.891      99.4099      121.041
     568.784      98.0147      116.786
    0.304609        156.4      116.775
     56.9922       161.49      122.832
     115.262      150.746      116.809
     183.499      153.703       112.77
      234.14      163.294      126.622
     297.436      156.512      123.619
     359.717      153.408      120.047
     415.184       168.98       128.63
     476.437      154.327       117.45
     538.791       161.42      116.106
     30.9971      210.409      124.629
      96.601      202.298      125.341
     148.147      204.258      121.846
     213.347      206.395      122.374
     264.383      207.412      110.306
     323.807      208.811       124.87
     390.225       215.66      123.654
     453.447      213.258      114.453
     507.314      202.873      120.038
     570.589      203.556      125.677
   -0.283505      257.603      115.073
     63.8886      258.865      125.836
     115.997      260.532      128.762
       177.6      249.921      116.101
     242.336      259.476      117.635
      309.25      276.056      123.691
     352.599      257.258      125.232
     421.869      263.572      126.458
     473.123      261.768      110.934
     540.339      257.763      122.592
     28.8674      312.774      115.939
      93.094      314.069      116.991
     147.774      306.987      114.981
     204.096      312.441      121.193
     271.932      307.495      130.904
     330.199      306.199      130.847
     390.599      315.745      122.193
      443.02      310.157      107.488
      506.79      307.987      124.808
     562.316      312.702      121.774
     5.14653      357.481      114.741
     60.1481      367.294      117.309
     118.591      368.414      108.104
     175.115       365.27      117.658
     243.071      364.446      120.352
     296.256      358.432      114.209
     356.399      362.101      123.185
     424.033      360.022      128.031
     478.684      365.576      125.127
     539.269       359.22      125.806
     28.7917      417.957      118.223
     96.4792      412.891      128.843
     149.803      422.215      121.179
     204.436      411.366      122.687
     263.604      418.406      113.827
     323.325       416.88       124.68
     384.346      420.934      118.096
     454.325      419.637      119.451
     508.268      414.664      122.164
     568.502      418.047      117.154
    -1.44929      466.694      117.497
     59.8629       461.16      123.301
     125.219      467.623      121.299
     183.518      470.653      110.109
     244.587       470.53       114.08
     294.876      458.477      117.986
     352.188      468.722      118.531
     420.493      461.586      118.785
     476.848      468.001      117.292
     534.074      471.215      119.254
