100 3
     24.3758    -3.42593     127.347
      104.25     11.5016     119.808
     154.455     7.26045     125.398
     206.602     7.82752     115.178
     275.224     10.7271     110.236
     333.482   -0.200787     118.413
     372.556    -10.3005     120.665
     445.997    -3.11195     126.202
     511.783     7.47678     119.697
     582.476    -13.2316     118.456
    -5.71676     48.2045     112.512
     57.2498     49.3653     115.572
     105.894     46.9657     118.656
     180.941     55.4935     117.194
     238.603     57.4094     118.208
     308.612     51.7948     125.244
     358.013     64.6846     118.215
     424.933     67.6959     120.436
     482.816     54.0642     115.505
     534.049     34.3917     116.413
     37.2627     93.7598      128.89
     101.253     86.1039      118.01
     144.751     100.443     117.269
     209.453     99.1838     124.036
     273.328      109.67     115.219
     322.841     108.463     122.001
     392.515     121.982     116.084
     446.928     100.345     123.041
     523.561     111.356     117.391
     563.553     117.389     112.588
    -1.15794      154.83     119.082
     53.0596     151.549      114.41
     133.969     153.934     114.948
     174.779     154.856      121.48
     237.051     159.718     125.137
     290.704     173.179     120.304
     357.122      159.97      119.86
     416.581     155.478      126.32
     494.264     148.647     118.038
     562.398     140.895     123.586
     33.5202     201.087     117.154
      82.442     214.834     114.766
     152.924     194.825      124.44
     198.987     216.787     119.095
     273.724     212.253     123.635
     314.745      219.16     111.284
     387.846     204.944     121.934
     446.192     201.362     123.255
     511.149     210.814     122.756
     589.277     201.499     113.474
     -9.1008     254.868     118.609
     63.9116     257.599     121.386
     111.706     262.476      115.63
     191.408      254.29     107.797
     234.683     268.222     115.874
     311.598     252.803     125.541
      385.52     249.872     117.772
     439.885     251.613     126.759
     482.415     251.625     123.511
     549.989     246.479     116.789
      22.832     309.375     112.084
     94.4126      317.95     121.631
      156.45     294.582     123.046
     203.593     311.576     124.131
     271.606     323.432     113.139
     321.854      319.44     121.965
     374.666     322.008     128.448
     463.844     309.596     122.339
     505.507     312.877      117.14
     573.302     305.176     118.199
    -9.84315     351.999     121.571
      60.024     370.367     128.865
     114.755     347.005     122.115
     185.859     356.201     114.449
     221.084     371.373     116.985
     296.551     362.806     116.348
     366.932     363.474     124.559
     420.051     355.885     119.496
     468.473     371.724     123.258
     543.043      357.32     117.316
     29.5542     409.137     122.604
     92.7722     417.891     119.234
     159.105      414.99     118.791
      200.02     425.305     120.745
     263.352     402.591     123.235
      334.75     406.933     116.647
     386.309     412.047     122.647
     453.331     412.935     123.069
     518.992     418.928     115.342
     564.711      410.23     113.038
    -5.26533     474.267     122.519
     57.6466     481.638     117.454
     118.526     469.033     116.067
      170.89     472.186     123.046
     236.562     473.505     120.588
     293.551      461.45     116.379
     356.487     470.239     120.682
      418.32       460.3     115.343
     486.365     481.996     117.349
     538.828     479.575      121.84
