100 3
     33.9121     -3.29992      115.782
     84.4816      2.42545      123.526
     156.339    -0.353094      123.785
     208.739     0.241193       122.13
      266.15    -0.159407       122.73
     329.791     -10.8478      129.463
     383.795      2.35095      124.868
     447.379      0.84545       117.32
     513.801     0.618308      119.593
     567.296      7.86434      123.833
    -8.51991      45.1816      119.642
     68.3415      53.2545      118.619
      114.73      53.3264      120.247
     178.338      54.5408      124.685
     242.783      58.3114        119.9
     302.854      51.2432      115.651
     357.519      56.3918      121.395
     416.012      47.2415      116.571
     480.355      54.4295      120.508
     536.208      56.4993      124.076
      26.193      101.486      117.741
     97.4738      108.773      117.714
     143.172      99.3077      120.287
     211.898      105.966      121.257
      270.36      110.181      121.916
      325.89       102.85        110.2
     387.433      104.172      117.783
     450.292      101.299      120.602
     508.406      94.0243      122.004
     569.042      105.458       120.81
     1.60335      148.825      118.776
     62.9187      156.193      120.563
      111.17      150.823      117.912
     180.985      155.847      124.532
     241.396       157.61      112.157
     300.725      159.338      129.235
     356.655      159.275      120.449
     415.855      158.706      112.741
     477.649      157.843      119.156
     538.741      156.304      123.521
     31.2492      209.115      123.811
     84.4707      207.684      120.035
     151.037      201.969      114.808
     215.554      207.766      123.032
     263.739       204.34      118.071
       332.5       212.44      113.232
     391.307      211.667      123.337
     446.357      214.052      122.564
      514.85      208.678      118.753
     570.795      201.655      124.414
    -1.05566      258.727      120.788
     58.2153      259.253      118.214
      118.14      266.413      120.907
     184.952      265.022      112.757
     234.554      256.485      119.523
     293.842      249.877      119.466
     354.897      261.404      121.153
     415.864      265.589      125.743
     470.265      259.689      120.739
     546.577       260.41      116.969
     29.8677      319.968      122.488
      92.417      311.019      125.668
     147.766      311.881      123.062
     211.377      310.735      124.586
     271.766      312.572      121.014
     333.945      312.317      125.472
     382.437      313.208      113.505
     456.705      315.474      125.925
     511.227      309.836      117.821
     569.809      313.733      115.674
    0.310963      366.639      129.638
     53.3649      369.039      124.144
     117.443      359.893      119.365
     193.789      358.092      123.867
     245.282      359.951      110.071
     300.759       369.44      121.321
     361.195      368.091       122.82
     422.257      359.759      118.961
     479.427      366.379      122.199
     534.637       361.77      116.946
     29.1701      420.226      120.796
      94.358      414.477        116.8
     147.267      404.222      117.589
     206.752      421.375      118.034
     273.772      418.557       118.74
     328.444      421.698      121.008
     380.576      411.932      117.209
     446.315      413.172      130.627
     512.467      408.944      127.317
     572.727      419.397      117.844
     6.07083      465.383      127.513
     62.1892      465.363      120.302
      117.08      471.122      124.675
     181.601      466.225        117.3
      238.88      472.602      122.968
     304.048       467.73      122.306
     356.845      479.127      124.121
     420.892      465.643      112.681
     469.732      473.441      123.783
      538.88      461.056      122.487
