100 3
          30           0     127.347
          90           0     119.808
         150           0     125.398
         210           0     115.178
         270           0     110.236
         330           0     118.413
         390           0     120.665
         450           0     126.202
         510           0     119.697
         570           0     118.456
           0     51.9615     112.512
          60     51.9615     115.572
         120     51.9615     118.656
         180     51.9615     117.194
         240     51.9615     118.208
         300     51.9615     125.244
         360     51.9615     118.215
         420     51.9615     120.436
         480     51.9615     115.505
         540     51.9615     116.413
          30     103.923      128.89
          90     103.923      118.01
         150     103.923     117.269
         210     103.923     124.036
         270     103.923     115.219
         330     103.923     122.001
         390     103.923     116.084
         450     103.923     123.041
         510     103.923     117.391
         570     103.923     112.588
           0     155.885     119.082
          60     155.885      114.41
         120     155.885     114.948
         180     155.885      121.48
         240     155.885     125.137
         300     155.885     120.304
         360     155.885      119.86
         420     155.885      126.32
         480     155.885     118.038
         540     155.885     123.586
          30     207.846     117.154
          90     207.846     114.766
         150     207.846      124.44
         210     207.846     119.095
         270     207.846     123.635
         330     207.846     111.284
         390     207.846     121.934
         450     207.846     123.255
         510     207.846     122.756
         570     207.846     113.474
           0     259.808     118.609
          60     259.808     121.386
         120     259.808      115.63
         180     259.808     107.797
         240     259.808     115.874
         300     259.808     125.541
         360     259.808     117.772
         420     259.808     126.759
         480     259.808     123.511
         540     259.808     116.789
          30     311.769     112.084
          90     311.769     121.631
         150     311.769     123.046
         210     311.769     124.131
         270     311.769     113.139
         330     311.769     121.965
         390     311.769     128.448
         450     311.769     122.339
         510     311.769      117.14
         570     311.769     118.199
           0     363.731     121.571
          60     363.731     128.865
         120     363.731     122.115
         180     363.731     114.449
         240     363.731     116.985
         300     363.731     116.348
         360     363.731     124.559
         420     363.731     119.496
         480     363.731     123.258
         540     363.731     117.316
          30     415.692     122.604
          90     415.692     119.234
         150     415.692     118.791
         210     415.692     120.745
         270     415.692     123.235
         330     415.692     116.647
         390     415.692     122.647
         450     415.692     123.069
         510     415.692     115.342
         570     415.692     113.038
           0     467.654     122.519
          60     467.654     117.454
         120     467.654     116.067
         180     467.654     123.046
         240     467.654     120.588
         300     467.654     116.379
         360     467.654     120.682
         420     467.654     115.343
         480     467.654     117.349
         540     467.654      121.84
