100 3
     36.4821      5.76094      120.297
     85.1157     -3.41914       120.14
     143.574     -4.57098      120.891
     212.444     0.596469      115.913
      269.71    0.0223843      113.266
     331.434        2.406      130.684
     389.353     0.907706      125.513
     454.065     0.889021      118.365
     514.581     0.975694      123.114
      565.16     0.574545      121.991
     3.22203      52.3053      120.967
     59.7694       56.828      120.903
     115.139      54.9434      118.204
     188.858      49.7253      119.585
      242.77      54.8783      118.744
     304.315       45.026      118.179
     354.163      55.1723      118.041
       426.4      57.5822      114.175
     479.802       46.001      123.257
     541.358      52.6793      115.578
     34.9947      106.547      118.052
     86.6065      97.5123      123.406
     149.589      96.1697      115.568
     208.906      103.337      120.071
     271.881      110.637      125.965
     327.855      103.291      121.694
     389.822       91.241      120.716
     452.077       98.399      117.499
     509.046      92.9256      115.622
     569.319      101.595      125.595
   -0.127392      156.346       121.74
      65.546      147.781      115.183
     114.961      157.848      115.633
     188.478      154.112       123.12
     238.729      153.183      114.851
     297.437      155.732      123.228
     358.503      149.816      116.234
      423.18       152.67      120.565
     485.318      158.502      125.141
     542.401       149.75      112.123
     38.5826      207.561      119.134
     90.7617      206.195       120.08
     146.613      207.965      124.838
     209.051      211.822      121.408
     274.616      210.791      121.756
     328.823      210.955      115.218
     394.558      205.631      124.373
     447.463        208.5      121.376
     516.057      215.285      116.943
     563.508      207.652      114.922
    0.110755       260.65      124.315
     63.7338      265.477      125.902
     114.952      257.361      122.238
     181.596      271.787      114.849
     246.376      260.892      115.374
     297.267        263.4      125.692
      361.36       263.32      128.945
     416.932      257.979      128.295
     489.834      255.888      119.821
     539.991      255.171      120.584
     29.1415      312.669      124.835
     87.5197      301.394      118.828
     141.088      319.907      118.481
     207.027      306.657      122.864
      276.44      313.607      117.319
     335.248      312.971       124.04
     395.045      310.266      115.869
      450.69      319.834      119.496
     513.797       312.98      127.788
     568.356      311.134      122.623
    -7.58551      359.833      123.738
     65.0392      362.034      115.408
     121.266      350.778      120.693
      182.35      370.888      121.384
     238.358      366.354      120.347
     302.322      357.685      116.398
     363.129      361.737      124.094
     428.961      359.226      117.354
     484.254      367.465      121.002
     548.037      364.501      123.981
     21.8416      417.684      116.659
     90.8678      420.892      115.729
     148.631      412.819      123.068
      214.46      417.423      116.346
     267.756      420.102      118.663
     330.331      423.443      119.377
     388.279      414.752      126.974
     453.206      421.848      120.824
     509.652      420.355      122.024
     570.398      417.489      127.372
     5.91954      475.503      111.444
     63.1411      475.864      117.985
     125.091      467.545      125.254
      180.63      471.478       120.16
     239.591      471.375      115.984
     299.375      464.866      121.487
     353.874      477.777      122.134
     421.346      467.244      126.055
     479.297      473.205      117.506
     539.681      461.559      125.577
