987 7
           0            2            2            2            2            0    2387.5754
           1            2            2            2            2            0    626.15963
           1           10            0            0            2            0    2500.7798
           1           10            3            0            2            0    831.23148
           2            0            0            0            2            0    3086.2807
           2            1            0            0            2            0    1071.2724
           2            4            2            2            2            0    601.25509
           2           11            0            0            2            0    2314.9835
           2           11            3            0            2            0    737.03617
           3            1            0            0            2            0    1523.3592
           3            2            0            0            2            0    2227.7022
           3            5            2            2            2            0      1158.35
           3           12            0            0            2            0    2407.2497
           4            2            0            0            2            0    1430.3281
           4            3            0            0            2            0    1245.5022
           4            5            2            2            2            0    956.52837
           4            6            2            2            2            0    960.95999
           4           13            0            0            2            0    2424.1706
           4           13            3            0            2            0    696.13102
           5            3            0            0            2            0    2999.9571
           5            4            0            0            2            0    620.50772
           5            7            2            2            2            0    1595.8797
           5           13            0            0            2            0    971.88037
           5           14            0            0            2            0    3003.5021
           6            4            0            0            2            0    2555.4117
           6            5            0            0            2            0    1145.7439
           6            7            2            2            2            0    660.13191
           6            8            2            2            2            0    1202.4365
           6           15            0            0            2            0     3030.383
           7            5            0            0            2            0    2472.0699
           7            6            0            0            2            0    1922.2343
           7            8            2            2            2            0    701.14221
           7            9            2            2            2            0    1497.9079
           7           16            0            0            2            0    2518.0437
           8            6            0            0            2            0     2468.195
           8            7            0            0            2            0     1056.352
           8           17            0            0            2            0    2557.7965
           8           17            3            0            2            0    634.47755
           9            7            0            0            2            0    2939.3843
           9           18            0            0            2            0     3016.619
          10            0            1            1            2            0    755.84469
          10            1            1            2            2            0    825.83651
          10            1            2            2            2            0    2491.4289
          10           12            2            2            2            0    1257.0364
          11            0            1            1            2            0    868.74581
          11            1            1            1            2            0    1555.6317
          11            2            1            2            2            0    737.09523
          11            2            2            2            2            0    2315.1672
          11           10            0            0            2            0    975.39898
          11           13            2            2            2            0    1299.5001
          12            0            0            0            2            0    2585.0985
          12            0            1            0            2            0    740.27401
          12            1            1            1            2            0    1606.6959
          12            2            1            1            2            0    1712.7842
          12            3            2            2            2            0    2493.6872
          12           10            0            0            2            0    2776.8527
          12           11            0            0            2            0     1004.053
          12           13            2            2            2            0    1612.2486
          12           14            2            2            2            0    873.90003
          12           20            0            0            2            0    2502.1456
          12           20            3            0            2            0    753.23019
          13            1            0            0            2            0    2543.9256
          13            2            0            0            2            0    605.60701
          13            2            1            1            2            0    1392.3461
          13            3            1            1            2            0    693.63433
          13            4            1            2            2            0    601.33916
          13            4            2            2            2            0     2517.732
          13           11            0            0            2            0    1671.4599
          13           12            0            0            2            0    2290.6725
          13           15            2            2            2            0    1662.4688
          13           21            0            0            2            0    2846.5797
          14            2            0            0            2            0    2360.9069
          14            3            1            1            2            0    1178.3265
          14            4            1            1            2            0    1089.0878
          14            5            1            2            2            0    720.39553
          14            5            2            2            2            0    2760.3431
          14           12            0            0            2            0    1643.1848
          14           13            0            0            2            0    844.00665
          14           15            2            2            2            0    1214.8252
          14           16            2            2            2            0    1304.3738
          14           22            0            0            2            0    2963.7581
          15            3            0            0            2            0    2878.7978
          15            4            1            1            2            0    632.22969
          15            5            1            1            2            0     774.5892
          15            6            2            2            2            0    2983.1955
          15           13            0            0            2            0    2566.7065
          15           14            0            0            2            0     1481.829
          15           23            0            0            2            0     2416.989
          16            4            0            0            2            0    2350.4278
          16            4            1            0            2            0    688.30586
          16            5            1            1            2            0    1452.6014
          16            6            1            1            2            0    1530.3347
          16            7            2            2            2            0    2513.8267
          16           14            0            0            2            0    2756.9176
          16           15            0            0            2            0    610.51814
          16           17            2            2            2            0    877.97311
          16           18            2            2            2            0    1489.4873
          16           24            0            0            2            0    2492.1959
          16           24            3            0            2            0    847.20077
          17            5            0            0            2            0    2536.1172
          17            6            1            1            2            0    1870.3786
          17            7            1            1            2            0    1582.1234
          17            8            1            2            2            0    687.96482
          17            8            2            2            2            0    2351.9607
          17           15            0            0            2            0    1726.5879
          17           16            0            0            2            0    2438.5147
          17           18            2            2            2            0    1148.7784
          17           19            2            2            2            0    1451.1944
          17           25            0            0            2            0      2741.47
          18            6            0            0            2            0    3222.1168
          18            8            1            1            2            0    670.89628
          18            9            2            2            2            0     3074.016
          18           16            0            0            2            0    2166.1065
          18           26            0            0            2            0    3143.0448
          19            7            0            0            2            0    2493.2244
          19            8            1            1            2            0     1287.951
          19            9            1            1            2            0    1248.0034
          19           17            0            0            2            0    2244.3362
          19           18            0            0            2            0     1757.796
          19           27            0            0            2            0    2731.5176
          20            0            1            1            2            0    3128.9369
          20            1            1            1            2            0    2226.2464
          20           10            1            1            2            0    1368.3726
          20           11            1            1            2            0    957.42157
          20           12            1            2            2            0    755.82423
          20           12            2            2            2            0    2502.5671
          20           21            2            2            2            0    771.65015
          20           22            2            2            2            0    1994.9663
          21            0            1            1            2            0    2975.4656
          21            1            1            1            2            0    3324.0921
          21            2            1            1            2            0    2690.3895
          21           10            0            0            2            0    3010.4904
          21           13            2            2            2            0    3038.0854
          21           22            2            2            2            0    635.50963
          21           23            2            2            2            0    831.14959
          21           30            0            0            2            0    2564.1251
          21           30            3            0            2            0    869.32111
          22            1            1            1            2            0    1885.2189
          22            2            1            1            2            0    3010.4345
          22            3            1            1            2            0    1992.2814
          22           11            0            0            2            0    3017.1004
          22           12            1            1            2            0    608.54275
          22           13            1            1            2            0    975.47173
          22           14            2            2            2            0    2923.1498
          22           20            0            0            2            0    2358.1265
          22           21            0            0            2            0    1853.5243
          22           31            0            0            2            0    2428.0868
          22           31            3            0            2            0    613.97067
          23            2            1            1            2            0    1878.8229
          23            3            1            1            2            0     3068.494
          23            4            1            1            2            0     2111.137
          23           12            0            0            2            0    2894.7704
          23           13            1            1            2            0     1007.305
          23           14            1            1            2            0    876.75731
          23           15            2            2            2            0    2473.3734
          23           21            0            0            2            0    2405.9208
          23           22            0            0            2            0    1064.1961
          23           25            2            2            2            0    1371.9072
          23           32            0            0            2            0    2600.6703
          24            3            1            1            2            0    2303.0794
          24            4            1            1            2            0     2963.183
          24            5            1            1            2            0    2784.1277
          24           13            0            0            2            0    2411.5439
          24           13            1            0            2            0    747.15418
          24           14            1            1            2            0    1022.5159
          24           15            1            1            2            0    1756.7275
          24           16            1            2            2            0    807.73937
          24           16            2            2            2            0    2566.0743
          24           22            0            0            2            0    2435.2132
          24           23            0            0            2            0    1187.2507
          24           26            2            2            2            0     2834.288
          24           33            0            0            2            0    3096.3477
          25            4            1            1            2            0    2298.1121
          25            5            1            1            2            0    3554.4643
          25            6            1            1            2            0    2477.6233
          25           14            0            0            2            0    2808.4412
          25           15            1            1            2            0    1275.3521
          25           16            1            1            2            0    647.51086
          25           17            2            2            2            0     2897.842
          25           23            0            0            2            0    2572.0669
          25           24            0            0            2            0    1078.5266
          25           26            2            2            2            0    1306.5137
          25           27            2            2            2            0    1393.2709
          25           33            0            0            2            0    606.81337
          25           34            0            0            2            0    2753.1936
          26            5            0            1            2            0    895.32519
          26            5            1            1            2            0    2623.5828
          26            6            1            1            2            0    3419.7214
          26            7            1            1            2            0    2217.8922
          26            7            2            1            2            0    764.74409
          26           15            0            0            2            0    2892.3448
          26           18            2            2            2            0    3086.6888
          26           24            0            0            2            0    2746.0578
          26           25            0            0            2            0    1516.1729
          26           28            2            2            2            0    1061.7683
          26           35            0            0            2            0    2315.1974
          26           35            3            0            2            0    790.86145
          27            6            1            1            2            0      2277.21
          27            7            1            1            2            0    3095.9765
          27            8            1            1            2            0    2260.5283
          27           16            0            0            2            0    2881.5436
          27           18            1            1            2            0    1273.6443
          27           19            2            2            2            0    2818.9634
          27           25            0            0            2            0     1964.331
          27           26            0            0            2            0    1621.8873
          27           28            2            2            2            0    745.70356
          27           29            2            2            2            0    1072.5222
          27           36            0            0            2            0    2614.3738
          28            7            1            1            2            0    2379.6183
          28            8            1            1            2            0    3208.1613
          28            9            1            1            2            0    2389.4278
          28           17            0            0            2            0    2890.6261
          28           18            1            1            2            0    1004.4169
          28           26            0            0            2            0    2160.0584
          28           27            0            0            2            0    1176.4018
          28           37            0            0            2            0    2207.4128
          28           37            3            0            2            0    771.31567
          29            8            1            1            2            0    2911.7409
          29            9            1            1            2            0    3372.4143
          29           18            0            0            2            0    2789.2389
          29           18            1            0            2            0    725.69283
          29           27            0            0            2            0     2814.594
          29           28            0            0            2            0    876.94512
          29           38            0            0            2            0    2666.1654
          29           38            3            0            2            0    882.82807
          30           10            1            1            2            0    3199.2396
          30           11            1            1            2            0    2486.4034
          30           20            1            1            2            0    886.89421
          30           21            1            2            2            0    858.82848
          30           21            2            2            2            0    2491.5695
          30           31            2            2            2            0    1193.3302
          30           32            2            2            2            0    1226.2779
          31           10            1            1            2            0    2107.9581
          31           11            1            1            2            0    3148.7949
          31           12            1            1            2            0    2605.2679
          31           21            1            1            2            0    1146.7282
          31           22            1            2            2            0    622.44509
          31           22            2            2            2            0     2424.684
          31           30            0            0            2            0    2070.8363
          32           11            1            1            2            0    2336.6918
          32           12            1            1            2            0    2900.4995
          32           13            1            1            2            0     1109.884
          32           20            0            0            2            0    2419.5639
          32           20            1            0            2            0    745.81935
          32           21            1            1            2            0    1970.9403
          32           22            1            1            2            0    1864.5377
          32           23            2            2            2            0    2448.9748
          32           30            0            0            2            0    2470.3579
          32           31            0            0            2            0    606.67341
          32           33            2            2            2            0    1707.3601
          32           34            2            2            2            0     1068.875
          32           40            0            0            2            0    2404.3161
          32           40            3            0            2            0    770.94853
          33           12            0            1            2            0    603.63316
          33           12            1            1            2            0    1871.8539
          33           13            1            1            2            0    3254.7491
          33           14            1            1            2            0    2824.2768
          33           21            0            0            2            0     2787.108
          33           22            1            1            2            0      1330.32
          33           23            1            1            2            0    687.82534
          33           24            2            2            2            0    3159.9673
          33           25            2            2            2            0    698.15992
          33           31            0            0            2            0    2282.5971
          33           32            0            0            2            0    1954.5092
          33           35            2            2            2            0    1485.4933
          33           41            0            0            2            0    2937.0901
          34           13            1            1            2            0    2380.0878
          34           14            1            1            2            0    3001.5331
          34           15            1            1            2            0    1413.2388
          34           22            0            0            2            0    2242.7011
          34           23            1            1            2            0    1143.8754
          34           24            1            1            2            0    865.82137
          34           25            2            2            2            0     2615.372
          34           32            0            0            2            0    1589.9955
          34           33            0            0            2            0    867.50757
          34           35            2            2            2            0    643.40319
          34           36            2            2            2            0    1183.6364
          34           42            0            0            2            0    2477.8886
          35           14            1            1            2            0    2791.7169
          35           15            1            1            2            0    3054.1269
          35           16            1            1            2            0    2684.5253
          35           23            0            0            2            0    2823.1293
          35           25            1            1            2            0    1019.6941
          35           26            1            2            2            0    803.25471
          35           26            2            2            2            0    2395.4337
          35           33            0            0            2            0    3241.6257
          35           34            0            0            2            0    805.29649
          35           36            2            2            2            0    789.66166
          35           37            2            2            2            0    1346.9563
          35           43            0            0            2            0    2693.3429
          35           43            3            0            2            0    742.49229
          36           15            1            1            2            0    2155.1387
          36           16            1            1            2            0    3053.8859
          36           17            1            1            2            0    1788.5978
          36           24            0            0            2            0    3083.1481
          36           25            1            1            2            0    926.43398
          36           26            1            1            2            0    1752.4861
          36           27            2            2            2            0    2528.0763
          36           34            0            0            2            0    1936.6516
          36           35            0            0            2            0    1676.6828
          36           37            2            2            2            0    728.63537
          36           44            0            0            2            0    2153.8118
          36           44            3            0            2            0    709.19829
          37           16            0            1            2            0    608.68139
          37           16            1            1            2            0    1992.4108
          37           17            1            1            2            0    3070.4125
          37           18            1            1            2            0    2482.1261
          37           25            0            0            2            0    2933.5814
          37           26            1            1            2            0    1790.0567
          37           27            1            1            2            0    1122.1077
          37           28            1            2            2            0    803.18116
          37           28            2            2            2            0    2321.4948
          37           35            0            0            2            0    2146.1579
          37           36            0            0            2            0    1443.8951
          37           39            2            2            2            0    1298.5355
          37           45            0            0            2            0    2454.5511
          38           17            1            1            2            0    2563.5768
          38           18            1            1            2            0     3205.356
          38           19            1            1            2            0    2593.7135
          38           26            0            0            2            0    2315.6361
          38           26            1            0            2            0    767.78283
          38           27            1            1            2            0    1389.0592
          38           28            1            1            2            0    1551.2709
          38           29            1            2            2            0    880.23222
          38           29            2            2            2            0    2672.9114
          38           36            0            0            2            0    2100.7413
          38           37            0            0            2            0    1176.0885
          38           46            0            0            2            0     3163.021
          39           18            1            1            2            0     1674.564
          39           19            1            1            2            0    2834.7286
          39           27            0            0            2            0    2373.2197
          39           28            1            1            2            0     1646.193
          39           29            1            1            2            0    1271.4295
          39           37            0            0            2            0    1878.9376
          39           38            0            0            2            0    1702.2294
          39           47            0            0            2            0    2131.8862
          40           20            1            1            2            0    3054.6171
          40           21            1            1            2            0    2463.8579
          40           30            1            1            2            0    1198.1787
          40           31            1            1            2            0    1467.3768
          40           32            1            2            2            0    736.39344
          40           32            2            2            2            0    2437.8597
          40           42            2            2            2            0    1470.1602
          41           20            1            1            2            0    2556.3714
          41           21            1            1            2            0    3129.0184
          41           22            1            1            2            0    1937.1354
          41           30            0            0            2            0     2859.835
          41           31            1            1            2            0    1293.2915
          41           32            1            1            2            0    637.92385
          41           33            2            2            2            0    2834.6507
          41           40            0            0            2            0    620.95088
          41           43            2            2            2            0    886.28896
          41           50            0            0            2            0    2719.2361
          41           50            3            0            2            0    648.17299
          42           21            1            1            2            0    2403.7719
          42           22            1            1            2            0    2972.0385
          42           23            1            1            2            0     2458.721
          42           31            0            0            2            0    2310.8993
          42           31            1            0            2            0    706.83785
          42           32            1            1            2            0    680.24138
          42           33            1            1            2            0    1219.7881
          42           34            2            2            2            0    2725.3922
          42           40            0            0            2            0    3171.0858
          42           41            0            0            2            0    694.40376
          42           44            2            2            2            0    954.52319
          42           51            0            0            2            0    2632.1683
          42           51            3            0            2            0    839.67189
          43           22            1            1            2            0    1609.8537
          43           23            1            1            2            0    3036.4627
          43           24            1            1            2            0    2416.5425
          43           32            0            0            2            0    2634.4874
          43           33            1            1            2            0    1366.8168
          43           34            1            1            2            0     1310.222
          43           35            1            2            2            0    743.53915
          43           35            2            2            2            0    2617.3715
          43           41            0            0            2            0     2652.129
          43           42            0            0            2            0    1540.8749
          43           44            2            2            2            0    915.37756
          43           45            2            2            2            0    1276.3688
          43           52            0            0            2            0    3108.8891
          44           23            1            1            2            0    1923.0726
          44           24            1            1            2            0    3399.9297
          44           25            1            1            2            0    2623.9017
          44           33            0            0            2            0    2581.3339
          44           33            1            0            2            0     843.6297
          44           34            1            1            2            0    1305.5354
          44           35            1            1            2            0    1198.5872
          44           36            1            2            2            0    750.57732
          44           36            2            2            2            0    2276.2417
          44           42            0            0            2            0    2085.0691
          44           43            0            0            2            0    1645.3872
          44           46            2            2            2            0    1735.3051
          44           53            0            0            2            0    2348.8776
          45           24            1            1            2            0    2370.8811
          45           25            1            1            2            0    2813.8021
          45           26            1            1            2            0    1034.8122
          45           34            0            0            2            0    2222.9716
          45           35            1            1            2            0    1622.3878
          45           36            1            1            2            0    1814.3696
          45           37            2            2            2            0    2287.0108
          45           43            0            0            2            0    2112.9364
          45           44            0            0            2            0     1098.848
          45           46            2            2            2            0    1466.4284
          45           47            2            2            2            0    1226.7328
          45           54            0            0            2            0    2455.8704
          45           54            3            0            2            0     612.1793
          46           25            1            1            2            0    2312.0233
          46           26            1            1            2            0    3021.1159
          46           27            1            1            2            0    2497.7443
          46           35            0            0            2            0    3101.9295
          46           36            1            1            2            0    1136.0568
          46           37            1            1            2            0    955.30752
          46           38            2            2            2            0    3174.4311
          46           44            0            0            2            0    2809.3783
          46           45            0            0            2            0    1295.6472
          46           55            0            0            2            0    2788.2194
          47           26            1            1            2            0    1735.4788
          47           27            1            1            2            0    2922.7946
          47           28            1            1            2            0     1538.031
          47           36            0            0            2            0    2435.8263
          47           36            1            0            2            0    705.87339
          47           37            1            1            2            0     1207.166
          47           38            1            1            2            0    1116.6978
          47           39            2            2            2            0    2410.3792
          47           45            0            0            2            0     2438.478
          47           46            0            0            2            0    770.30092
          47           49            2            2            2            0    1372.5262
          47           56            0            0            2            0    2726.0224
          47           56            3            0            2            0    859.61615
          48           27            1            1            2            0    1088.5544
          48           28            1            1            2            0    1784.4894
          48           29            1            1            2            0    1889.5665
          48           37            0            0            2            0    2132.0012
          48           37            1            0            2            0    651.22376
          48           38            1            1            2            0     1720.519
          48           39            1            1            2            0    1881.8369
          48           46            0            0            2            0    2146.9138
          48           47            0            0            2            0    2184.0911
          48           57            0            0            2            0    3020.9432
          49           28            1            1            2            0    1367.1996
          49           29            1            1            2            0    2988.9324
          49           38            0            0            2            0    2558.1772
          49           38            1            0            2            0    820.08958
          49           39            1            1            2            0    1342.4758
          49           47            0            0            2            0    2395.3188
          49           58            0            0            2            0    2408.7037
          49           58            3            0            2            0    737.06998
          50           30            1            1            2            0    3316.6997
          50           31            1            1            2            0    1752.2536
          50           40            1            1            2            0    1063.7979
          50           41            1            2            2            0    608.48535
          50           41            2            2            2            0    2790.8395
          50           52            2            2            2            0    1796.5564
          51           30            1            1            2            0    2277.6953
          51           31            1            1            2            0    2754.4867
          51           32            1            1            2            0    2707.6804
          51           40            1            1            2            0    1101.5339
          51           41            1            1            2            0    1274.8997
          51           42            1            2            2            0    830.95989
          51           42            2            2            2            0    2627.0167
          51           50            0            0            2            0     1372.877
          51           53            2            2            2            0    851.32767
          52           31            1            1            2            0    2342.8837
          52           32            1            1            2            0    3105.4225
          52           33            1            1            2            0     1756.599
          52           40            0            0            2            0    2542.4933
          52           40            1            0            2            0    734.22463
          52           41            1            1            2            0     829.5873
          52           42            1            1            2            0     969.9426
          52           43            2            2            2            0    3101.5603
          52           50            0            0            2            0    2963.3593
          52           51            0            0            2            0    695.40548
          52           60            0            0            2            0    2660.7822
          52           60            3            0            2            0    833.36676
          53           32            1            1            2            0    1027.5132
          53           33            1            1            2            0    2314.5088
          53           34            1            1            2            0    1037.1798
          53           41            0            0            2            0    1959.8984
          53           41            1            0            2            0    662.66418
          53           42            1            1            2            0    2374.8688
          53           43            1            1            2            0    1902.8944
          53           44            1            2            2            0    616.18048
          53           44            2            2            2            0    2188.2613
          53           51            0            0            2            0    2390.1222
          53           52            0            0            2            0    2279.7153
          53           54            2            2            2            0    1558.5197
          53           55            2            2            2            0    1878.4731
          53           61            0            0            2            0    2996.5234
          54           33            1            1            2            0    1997.5475
          54           34            1            1            2            0     2619.332
          54           35            1            1            2            0    2389.1258
          54           42            0            0            2            0    2534.3342
          54           43            1            1            2            0    1175.0828
          54           44            1            1            2            0    1173.4909
          54           45            1            2            2            0    606.41736
          54           45            2            2            2            0    2458.5331
          54           52            0            0            2            0     1263.894
          54           53            0            0            2            0    1741.6936
          54           56            2            2            2            0    1210.5181
          54           62            0            0            2            0    1881.1602
          55           34            1            1            2            0     2285.158
          55           35            1            1            2            0    3341.8618
          55           36            1            1            2            0    1981.3698
          55           43            0            0            2            0    2906.8109
          55           44            1            1            2            0    781.68204
          55           45            1            1            2            0    779.22599
          55           46            2            2            2            0     2784.629
          55           53            0            0            2            0    2818.9408
          55           56            2            2            2            0    832.47431
          55           57            2            2            2            0    1955.4169
          55           63            0            0            2            0    3268.1505
          56           35            1            1            2            0    2602.3751
          56           36            1            1            2            0    3095.3301
          56           37            1            1            2            0    2513.2245
          56           44            0            0            2            0      2928.34
          56           44            1            0            2            0    656.80003
          56           45            1            1            2            0    665.12327
          56           46            1            1            2            0    1254.5511
          56           47            1            2            2            0    745.11282
          56           47            2            2            2            0    2805.8919
          56           54            0            0            2            0    3043.7962
          56           55            0            0            2            0       1277.5
          56           58            2            2            2            0    1741.8119
          56           64            0            0            2            0    2874.4778
          57           36            1            1            2            0    2656.8684
          57           37            1            1            2            0    3392.6857
          57           38            1            1            2            0    2482.5814
          57           38            2            1            2            0    768.26768
          57           44            0            0            2            0    884.09097
          57           45            0            0            2            0    3008.4243
          57           46            1            1            2            0     701.5148
          57           47            1            1            2            0    633.39722
          57           48            2            2            2            0    3227.3722
          57           55            0            0            2            0    3127.9012
          57           56            0            0            2            0    777.22027
          57           58            2            2            2            0    1022.7018
          57           59            2            2            2            0    1609.1916
          57           64            0            0            2            0     701.6744
          57           65            0            0            2            0    2724.0291
          57           65            3            0            2            0    835.66835
          58           37            1            1            2            0      1916.83
          58           38            1            1            2            0    3328.9319
          58           39            1            1            2            0    2181.7283
          58           46            0            0            2            0    2840.7852
          58           47            1            1            2            0    952.45754
          58           49            1            2            2            0    667.88714
          58           49            2            2            2            0    2390.3711
          58           56            0            0            2            0    1986.5673
          58           57            0            0            2            0    2657.4958
          58           66            0            0            2            0    2529.0781
          59           38            1            1            2            0    2750.0296
          59           39            1            1            2            0    2892.9937
          59           47            0            0            2            0    3005.1177
          59           57            0            0            2            0    2553.5882
          59           67            0            0            2            0    2208.4952
          59           67            3            0            2            0    751.64682
          60           40            1            1            2            0    3245.0975
          60           41            1            1            2            0    2407.3962
          60           50            1            1            2            0    980.39838
          60           51            1            1            2            0    800.32009
          60           52            1            2            2            0    811.67769
          60           52            2            2            2            0    2703.4462
          60           61            2            2            2            0    854.69834
          60           62            2            2            2            0    929.18121
          61           40            1            1            2            0    2771.6826
          61           41            1            1            2            0    3174.2027
          61           42            1            1            2            0    2466.7009
          61           42            2            1            2            0    664.98529
          61           50            0            0            2            0     3131.479
          61           52            1            1            2            0    640.84403
          61           53            2            2            2            0    2998.8038
          61           60            0            0            2            0    1443.8943
          61           63            2            2            2            0     843.8969
          61           70            0            0            2            0    2477.8428
          62           41            1            1            2            0    1957.5402
          62           42            1            1            2            0    2916.5355
          62           43            1            1            2            0    1613.7676
          62           51            0            0            2            0    2451.8224
          62           51            1            0            2            0    729.69728
          62           52            1            1            2            0    1943.4328
          62           53            1            1            2            0    882.81769
          62           54            2            2            2            0    2020.6754
          62           60            0            0            2            0    2909.9704
          62           61            0            0            2            0    1022.5943
          62           63            2            2            2            0    1843.7326
          62           64            2            2            2            0    772.08254
          62           71            0            0            2            0    2658.8557
          63           42            1            1            2            0    2576.3805
          63           43            1            1            2            0    3298.4403
          63           44            1            1            2            0    2198.7544
          63           44            2            1            2            0    723.57329
          63           51            0            0            2            0    667.35277
          63           52            0            0            2            0    2954.3693
          63           54            1            1            2            0    618.73264
          63           55            2            2            2            0    3221.3482
          63           61            0            0            2            0    2605.6687
          63           62            0            0            2            0     1593.817
          63           65            2            2            2            0     637.3106
          63           72            0            0            2            0    3025.7008
          64           43            1            1            2            0     1831.405
          64           44            1            1            2            0    3117.0704
          64           45            1            1            2            0    2392.0283
          64           53            0            0            2            0    2889.5511
          64           54            1            1            2            0    1106.5425
          64           55            1            1            2            0    1099.2808
          64           56            1            2            2            0    761.87955
          64           56            2            2            2            0    2776.9245
          64           62            0            0            2            0    1056.6276
          64           63            0            0            2            0    2294.9824
          64           65            2            2            2            0    769.15525
          64           66            2            2            2            0    1345.1097
          64           73            0            0            2            0    2455.6776
          65           44            1            1            2            0    2577.3806
          65           45            1            1            2            0    3173.7169
          65           46            1            1            2            0    2568.3881
          65           54            0            0            2            0    2792.0264
          65           55            1            1            2            0    1004.9632
          65           56            1            1            2            0    931.26818
          65           57            1            2            2            0    874.94236
          65           57            2            2            2            0    2730.1341
          65           63            0            0            2            0    2172.1902
          65           64            0            0            2            0    848.30751
          65           67            2            2            2            0    915.19831
          65           74            0            0            2            0    2887.9811
          66           45            1            1            2            0    1690.8872
          66           46            1            1            2            0    3016.4641
          66           47            1            1            2            0    2459.0837
          66           55            0            0            2            0    2827.2777
          66           56            1            1            2            0     1186.258
          66           57            1            1            2            0    1432.8532
          66           58            2            2            2            0    2454.8024
          66           64            0            0            2            0    2077.1227
          66           65            0            0            2            0    1603.3477
          66           68            2            2            2            0    1034.1237
          66           75            0            0            2            0    2679.2987
          67           46            1            1            2            0    1932.5437
          67           47            1            1            2            0    2848.1446
          67           48            1            1            2            0    1822.7787
          67           56            0            0            2            0    2614.8137
          67           56            1            0            2            0    804.50886
          67           57            1            1            2            0     2136.327
          67           58            1            1            2            0    2042.7945
          67           59            1            2            2            0     733.6574
          67           59            2            2            2            0    2142.2159
          67           65            0            0            2            0    2758.0256
          67           66            0            0            2            0    865.72267
          67           68            2            2            2            0    1372.6262
          67           69            2            2            2            0    1944.1545
          67           76            0            0            2            0    3080.6048
          68           47            1            1            2            0    2461.7209
          68           48            1            1            2            0    3261.2331
          68           49            1            1            2            0    2931.8238
          68           57            0            0            2            0    3099.8344
          68           58            1            1            2            0    959.00058
          68           59            1            1            2            0    1077.3223
          68           66            0            0            2            0    2865.3032
          68           67            0            0            2            0    1074.3377
          68           77            0            0            2            0    2990.5688
          69           48            1            1            2            0    2777.6344
          69           49            1            1            2            0    3047.5406
          69           58            0            0            2            0    2443.7814
          69           58            1            0            2            0    752.04019
          69           59            1            1            2            0    1232.2873
          69           67            0            0            2            0    2700.0386
          69           68            0            0            2            0    941.69379
          69           78            0            0            2            0    2539.5124
          69           78            3            0            2            0    838.34647
          70           50            1            1            2            0    3467.4345
          70           51            1            1            2            0    2163.3702
          70           51            2            1            2            0    731.35334
          70           60            1            1            2            0    836.32777
          70           61            2            2            2            0    2621.2211
          70           71            2            2            2            0    791.55065
          70           72            2            2            2            0    1597.5393
          71           50            1            1            2            0    1893.7487
          71           51            1            1            2            0    3226.6434
          71           52            1            1            2            0    2451.7436
          71           60            1            1            2            0    1274.8772
          71           61            1            1            2            0    1772.1291
          71           62            2            2            2            0    2657.1797
          71           70            0            0            2            0    2674.8154
          71           72            2            2            2            0    1187.2025
          72           42            1            1            2            0    801.04412
          72           51            0            1            2            0    875.37018
          72           51            1            1            2            0    2566.8742
          72           52            1            1            2            0    3338.5667
          72           53            1            1            2            0    2162.8273
          72           53            2            1            2            0    615.78402
          72           60            0            0            2            0    3353.2113
          72           61            1            1            2            0    901.48473
          72           63            2            2            2            0    3034.6813
          72           70            0            0            2            0    1911.8148
          72           71            0            0            2            0    854.65552
          72           80            0            0            2            0    2017.8878
          73           52            1            1            2            0    1613.2864
          73           53            1            1            2            0    3086.6264
          73           54            1            1            2            0    1745.3463
          73           61            0            0            2            0    2027.5299
          73           61            1            0            2            0     673.7143
          73           62            1            1            2            0    1051.9165
          73           63            1            1            2            0    1920.1692
          73           64            2            2            2            0    2551.6396
          73           71            0            0            2            0    2505.7437
          73           72            0            0            2            0    1526.8869
          73           74            2            2            2            0    618.97302
          73           75            2            2            2            0    2061.4542
          73           81            0            0            2            0    2801.2913
          74           53            1            1            2            0    2514.0977
          74           54            1            1            2            0    2989.2204
          74           55            1            1            2            0    2514.8709
          74           62            0            0            2            0     2971.695
          74           63            1            1            2            0    1714.8513
          74           64            1            1            2            0    1133.0321
          74           65            2            2            2            0    2812.9567
          74           72            0            0            2            0    2626.0427
          74           73            0            0            2            0    981.19828
          74           75            2            2            2            0    1187.0631
          74           76            2            2            2            0    1430.9283
          74           82            0            0            2            0    3023.7468
          75           54            1            1            2            0    2308.5806
          75           55            1            1            2            0    3273.8335
          75           56            1            1            2            0    2389.0229
          75           56            2            1            2            0    648.58563
          75           63            0            0            2            0    2632.7631
          75           65            1            1            2            0    889.35847
          75           66            2            2            2            0    2676.2295
          75           73            0            0            2            0    2109.9412
          75           74            0            0            2            0    1818.6908
          75           77            2            2            2            0    677.93451
          75           83            0            0            2            0    2157.6351
          75           83            3            0            2            0    693.42173
          76           55            0            1            2            0    706.65788
          76           55            1            1            2            0    2436.9301
          76           56            1            1            2            0    3583.6154
          76           57            1            1            2            0    2997.3414
          76           64            0            0            2            0    2915.6534
          76           65            1            1            2            0    771.70163
          76           66            1            1            2            0    806.77102
          76           67            2            2            2            0    3170.1392
          76           74            0            0            2            0    2390.6464
          76           75            0            0            2            0    970.26046
          76           77            2            2            2            0    804.29435
          76           78            2            2            2            0     912.5045
          76           84            0            0            2            0    2637.6279
          77           56            0            1            2            0    705.30726
          77           56            1            1            2            0    2136.5864
          77           57            1            1            2            0    3310.9298
          77           58            1            1            2            0    2067.8088
          77           65            0            0            2            0    2951.7101
          77           66            1            1            2            0    925.77945
          77           68            1            2            2            0    616.70656
          77           68            2            2            2            0     2914.203
          77           75            0            0            2            0    1617.9255
          77           76            0            0            2            0    2022.0687
          77           79            2            2            2            0    833.22449
          77           85            0            0            2            0    2060.4945
          78           57            1            1            2            0    1954.6083
          78           58            1            1            2            0    2940.7996
          78           59            1            1            2            0     2104.349
          78           66            0            0            2            0    2473.6389
          78           66            1            0            2            0    646.51689
          78           67            1            1            2            0    806.13443
          78           68            1            1            2            0    1433.6869
          78           69            1            2            2            0    847.42451
          78           69            2            2            2            0    2546.6297
          78           76            0            0            2            0    2564.6826
          78           77            0            0            2            0    798.43765
          78           79            2            2            2            0    1006.2041
          78           86            0            0            2            0    3111.4849
          79           58            1            1            2            0    2436.1516
          79           59            1            1            2            0    3180.7985
          79           67            0            0            2            0    3197.1106
          79           68            1            1            2            0    1146.2507
          79           69            1            1            2            0    890.30476
          79           77            0            0            2            0    2679.7185
          79           78            0            0            2            0    1367.5545
          79           87            0            0            2            0    2723.5643
          80           60            1            1            2            0    3033.5685
          80           61            1            1            2            0    1084.5414
          80           70            1            1            2            0    1768.3156
          80           71            1            1            2            0    1438.5486
          80           72            2            2            2            0    1826.2124
          80           81            2            2            2            0    740.12015
          80           82            2            2            2            0    1111.0007
          81           60            1            1            2            0    1798.9324
          81           61            1            1            2            0    2056.2473
          81           62            1            1            2            0    2484.1893
          81           70            0            0            2            0    2166.4306
          81           71            1            1            2            0    1556.1065
          81           72            1            1            2            0    2669.3993
          81           73            2            2            2            0    2630.5877
          81           80            0            0            2            0    2050.2221
          81           82            2            2            2            0    1171.8439
          81           83            2            2            2            0    1051.2058
          81           90            0            0            2            0    2256.2787
          81           90            3            0            2            0    616.95047
          82           53            1            1            2            0    742.64603
          82           61            1            1            2            0    2084.4073
          82           62            1            1            2            0     3253.448
          82           63            1            1            2            0    2569.3643
          82           71            0            0            2            0    2722.6124
          82           71            1            0            2            0    604.65589
          82           72            1            1            2            0    1638.8297
          82           74            2            2            2            0      3078.96
          82           80            0            0            2            0    2036.6323
          82           81            0            0            2            0    809.59874
          82           84            2            2            2            0    745.87894
          82           91            0            0            2            0     2303.206
          82           91            3            0            2            0    758.78084
          83           62            1            1            2            0    1456.1517
          83           63            1            1            2            0     2743.053
          83           64            1            1            2            0    1817.0494
          83           72            0            0            2            0    1950.8666
          83           72            1            0            2            0    641.87828
          83           73            1            1            2            0    930.23011
          83           74            1            1            2            0    1088.3277
          83           75            1            2            2            0    693.17558
          83           75            2            2            2            0    2156.8662
          83           81            0            0            2            0    1677.1263
          83           82            0            0            2            0     2051.361
          83           85            2            2            2            0    761.07583
          83           92            0            0            2            0     2683.482
          84           63            1            1            2            0    1729.3056
          84           64            1            1            2            0     2908.024
          84           65            1            1            2            0     1743.955
          84           73            0            0            2            0    2719.1208
          84           74            1            1            2            0     1259.475
          84           75            1            1            2            0    1814.1483
          84           76            2            2            2            0    2478.7535
          84           82            0            0            2            0    2487.4393
          84           83            0            0            2            0     699.8148
          84           86            2            2            2            0    1637.3444
          84           93            0            0            2            0    2636.5898
          85           64            1            1            2            0    2040.4147
          85           65            1            1            2            0    2967.0434
          85           66            1            1            2            0    1401.6048
          85           74            0            0            2            0    2485.3341
          85           75            1            1            2            0     1947.978
          85           76            1            1            2            0     1967.757
          85           77            2            2            2            0    2105.6854
          85           83            0            0            2            0    2511.0347
          85           84            0            0            2            0    1433.6874
          85           86            2            2            2            0    1168.7398
          85           87            2            2            2            0    1185.3172
          85           94            0            0            2            0     2767.021
          86           56            1            1            2            0    749.07879
          86           65            1            1            2            0    3133.7724
          86           66            1            1            2            0    3213.7284
          86           67            1            1            2            0    2587.3288
          86           67            2            1            2            0    683.68797
          86           75            0            0            2            0     2636.012
          86           75            1            0            2            0    758.05516
          86           76            1            1            2            0    871.84524
          86           77            1            1            2            0    1093.7645
          86           78            2            2            2            0    3257.5801
          86           84            0            0            2            0    2841.1445
          86           85            0            0            2            0    742.35126
          86           88            2            2            2            0    1015.3267
          86           95            0            0            2            0    3061.4187
          87           66            1            1            2            0    1900.1726
          87           67            1            1            2            0    3168.4699
          87           68            1            1            2            0    2293.3024
          87           76            0            0            2            0    2486.3232
          87           76            1            0            2            0    825.69934
          87           77            1            1            2            0    1625.3695
          87           78            1            1            2            0    1246.7349
          87           79            2            2            2            0    2623.6759
          87           85            0            0            2            0    2243.2085
          87           86            0            0            2            0    1901.6298
          87           89            2            2            2            0     1786.389
          87           96            0            0            2            0    2674.6998
          88           67            1            1            2            0    2518.1587
          88           68            1            1            2            0    3328.7061
          88           69            1            1            2            0    2280.2007
          88           77            0            0            2            0    2206.9716
          88           77            1            0            2            0    649.20896
          88           78            1            1            2            0    1002.4228
          88           79            1            1            2            0       1463.7
          88           86            0            0            2            0    2667.2673
          88           87            0            0            2            0    887.94554
          88           89            2            2            2            0    884.71464
          88           97            0            0            2            0    3055.1474
          89           68            1            1            2            0    3015.5636
          89           69            1            1            2            0    3420.4438
          89           78            0            0            2            0     2991.894
          89           79            1            1            2            0    779.38307
          89           87            0            0            2            0    3068.5562
          89           88            0            0            2            0    986.98303
          89           98            0            0            2            0    2813.7641
          89           98            3            0            2            0    607.30798
          90           70            1            1            2            0    2172.5129
          90           71            1            1            2            0    1064.5093
          90           80            1            1            2            0    1585.1816
          90           81            1            2            2            0    635.16519
          90           81            2            2            2            0    2205.9507
          90           91            2            2            2            0    660.77696
          90           92            2            2            2            0    1482.3967
          91           70            1            1            2            0    1158.2615
          91           71            1            1            2            0    2542.8029
          91           72            1            1            2            0    972.74778
          91           80            1            1            2            0     1583.955
          91           81            1            1            2            0    1216.3274
          91           82            1            2            2            0    715.64413
          91           82            2            2            2            0    2210.7137
          91           90            0            0            2            0    851.09306
          91           92            2            2            2            0     1382.481
          91           93            2            2            2            0    1588.0218
          92           62            1            1            2            0    691.27583
          92           71            1            1            2            0    2422.1185
          92           72            1            1            2            0    2966.1783
          92           73            1            1            2            0    2763.7766
          92           80            0            0            2            0    2920.8755
          92           82            1            1            2            0    1006.0462
          92           83            2            2            2            0    2896.5756
          92           90            0            0            2            0    2497.1574
          92           91            0            0            2            0    1081.4937
          92           94            2            2            2            0    1085.0235
          93           72            1            1            2            0    1365.5917
          93           73            1            1            2            0    3250.8732
          93           74            1            1            2            0    2380.4355
          93           81            0            0            2            0    2724.8969
          93           82            1            1            2            0    1663.8709
          93           83            1            1            2            0    1166.2304
          93           84            2            2            2            0      2708.61
          93           91            0            0            2            0    2552.1508
          93           92            0            0            2            0    1076.1254
          93           95            2            2            2            0    1792.0223
          94           73            1            1            2            0    2259.0939
          94           74            1            1            2            0    2887.8427
          94           75            1            1            2            0    1248.3119
          94           82            0            0            2            0    2325.0259
          94           82            1            0            2            0    667.02354
          94           83            1            1            2            0    1217.9906
          94           84            1            1            2            0    1140.6962
          94           85            2            2            2            0    2696.6554
          94           92            0            0            2            0    2607.3327
          94           93            0            0            2            0    1387.4584
          94           95            2            2            2            0    1145.9021
          94           96            2            2            2            0    794.30882
          95           74            1            1            2            0    2441.9101
          95           75            1            1            2            0    2972.0385
          95           76            1            1            2            0    2310.1648
          95           83            0            0            2            0    2800.7719
          95           86            2            2            2            0    2937.5457
          95           93            0            0            2            0    2612.2667
          95           94            0            0            2            0    1031.7229
          95           97            2            2            2            0    1155.0675
          96           75            1            1            2            0    1629.4788
          96           76            1            1            2            0    2884.7681
          96           77            1            1            2            0    974.91124
          96           84            0            0            2            0    2473.8336
          96           84            1            0            2            0    811.19702
          96           85            1            1            2            0    1003.8961
          96           86            1            1            2            0    2064.8452
          96           87            2            2            2            0      2683.69
          96           94            0            0            2            0    2736.1883
          96           95            0            0            2            0    873.82869
          96           97            2            2            2            0    1705.5572
          96           98            2            2            2            0    1346.8609
          97           67            1            1            2            0    704.11951
          97           76            1            1            2            0    2838.3062
          97           77            1            1            2            0    3207.2709
          97           78            1            1            2            0     2620.491
          97           85            0            0            2            0    3255.0147
          97           86            1            1            2            0    1094.9966
          97           88            2            2            2            0    3155.4208
          97           95            0            0            2            0    2838.8637
          97           96            0            0            2            0    1637.9129
          97           99            2            2            2            0     2020.869
          98           77            1            1            2            0    1792.1587
          98           78            1            1            2            0    2967.9832
          98           79            1            1            2            0    1566.2797
          98           86            0            0            2            0    2475.3823
          98           86            1            0            2            0    729.73771
          98           87            1            1            2            0     1111.348
          98           88            1            1            2            0    1310.4492
          98           89            1            2            2            0    694.15256
          98           89            2            2            2            0     2602.842
          98           96            0            0            2            0     1891.992
          98           97            0            0            2            0    1456.4152
          98           99            2            2            2            0    1522.7777
          99           68            1            1            2            0    786.82754
          99           78            1            1            2            0    2826.0662
          99           79            1            1            2            0    3452.3801
          99           87            0            0            2            0    3215.7424
          99           97            0            0            2            0    3035.3431
          99           98            0            0            2            0    974.83597
